WP[2].X=-3333.449219
WP[2].Y=-2.062988
WP[2].Z=374.196228
WP[2].XOFF=-33
WP[2].YOFF=0
WP[2].ZOFF=4
WP[2].ZR=0.0

WP[1].X=-1995.741211
WP[1].Y=-2.062988
WP[1].Z=374.196228
WP[1].XOFF=-20
WP[1].YOFF=0
WP[1].ZOFF=4
WP[1].ZR=180.0